# produce with unit angle = pi/2
# odd row's polys are for side
# even row's polys are for base
polygon (1.000000, 0.000000, 0.0) (0.000000, 1.000000, 0.0) (0.0, 0.0, 1.0)
polygon (1.000000, 0.000000, 0.0) (0.000000, 1.000000, 0.0) (0.0, 0.0, 0.0)
polygon (0.000000, 1.000000, 0.0) (-1.000000, 0.000000, 0.0) (0.0, 0.0, 1.0)
polygon (0.000000, 1.000000, 0.0) (-1.000000, 0.000000, 0.0) (0.0, 0.0, 0.0)
polygon (-1.000000, 0.000000, 0.0) (-0.000000, -1.000000, 0.0) (0.0, 0.0, 1.0)
polygon (-1.000000, 0.000000, 0.0) (-0.000000, -1.000000, 0.0) (0.0, 0.0, 0.0)
polygon (-0.000000, -1.000000, 0.0) (1.000000, -0.000000, 0.0) (0.0, 0.0, 1.0)
polygon (-0.000000, -1.000000, 0.0) (1.000000, -0.000000, 0.0) (0.0, 0.0, 0.0)